#Messwerte von V601
#
# UA = 1V     T=164°C    und  UA=1V     T=175°C
#
# UB_164        IA            und   UB_175    IA  

20              0.06e-09            30        0.04e-9
21              0.02e-09            31        0.03e-9
22              0.00                32        0
23              0.00                33        0
24              0.03e-09            34        0.02e-9
25              0.10e-09            35        0.07e-9
26              0.08e-09            36        0.08e-9
27              0.02e-09            37        0.04e-9
28              0.02e-09            38        0.02e-9
29              0.07e-09            39        0.06e-9
30              0.14e-09            40        0.11e-9
31              0.16e-09            41        0.14e-9
32              0.10e-09            42        0.12e-9
33              0.08e-09            43        0.10e-9
34              0.12e-09            44        0.10e-9
35              0.20e-09            45        0.18e-9
36              0.24e-09            46        0.22e-9
37              0.21e-09            47        0.22e-9
38              0.18e-09            48        0.20e-9
39              0.20e-09            49        0.21e-9
40              0.27e-09            50        0.26e-9
41              0.32e-09            51        0.32e-9
42              0.32e-09            52        0.36e-9
43              0.32e-09            53        0.36e-9
44              0.34e-09            54        0.42e-9
45              0.40e-09            55        0.46e-9
46              0.46e-09            56        0.54e-9
47              0.48e-09            57        0.60e-9
48              0.50e-09            58        0.64e-9
49              0.58e-09            59        0.72e-9
50              0.56e-09            60        0.82e-9