#Skala [mm], Stromstärke [microA]

50      0.1
49.7    0.11
48.7    0.12
47.7    0.12
46.7    0.14
45.7    0.12
44.7    0.13
43.7    0.13
42.7    0.14
41.7    0.17
40.7    0.18
39.7    0.18
38.7    0.22
37.7    0.22
36.7    0.28
35.7    0.3
34.7    0.24
33.7    0.42
32.7    0.4
31.7    0.74
30.7    0.96
29.7    2.6
29.5    2.2
29.3    2.4
29.1    4.3
28.9    9.9
28.7    16
28.5    32
28.3    48
28.1    62
27.9    70
27.7    70
27.5    60
27.3    48
27.1    32
26.9    17
26.7    6
26.5    4.4
26.3    2.4
26.1    2.2
25.9    2.6
25.7    2.6
24.7    0.96
23.7    0.62
22.7    0.44
21.7    0.46
20.7    0.32
19.7    0.28
18.7    0.28
17.7    0.21
16.7    0.25
15.7    0.22