# Druck < 1bar - 77 Messwerte - datak1b = data kleiner als 1bar
# p in mbar, T in °C
5.90e-02 21
5.90e-02 22
6.00e-02 23
6.20e-02 25
6.60e-02 26
6.70e-02 27
6.90e-02 28
7.00e-02 29
7.20e-02 30
7.40e-02 31
7.60e-02 32
7.80e-02 33
8.00e-02 34
8.40e-02 35
8.70e-02 36
9.00e-02 37
9.30e-02 38
9.70e-02 39
1.00e-01 40
1.04e-01 41
1.08e-01 42
1.12e-01 43
1.16e-01 44
1.19e-01 45
1.31e-01 47
1.36e-01 48
1.42e-01 49
1.47e-01 50
1.62e-01 52
1.69e-01 53
1.75e-01 54
1.82e-01 55
1.89e-01 56
1.96e-01 57
2.02e-01 58
2.12e-01 59
2.20e-01 60
2.30e-01 61
2.37e-01 62
2.49e-01 63
2.59e-01 64
2.70e-01 65
2.81e-01 66
2.96e-01 67
3.04e-01 68
3.17e-01 69
3.30e-01 70
3.42e-01 71
3.57e-01 72
3.70e-01 73
3.84e-01 74
4.01e-01 75
4.15e-01 76
4.32e-01 77
4.60e-01 79
4.77e-01 80
4.96e-01 81
5.12e-01 82
5.27e-01 83
5.52e-01 84
5.78e-01 85
5.95e-01 86
6.14e-01 87
6.32e-01 88
6.47e-01 89
6.85e-01 90
7.11e-01 91
7.34e-01 92
7.67e-01 93
7.95e-01 94
8.22e-01 95
8.47e-01 96
8.81e-01 97
9.06e-01 98
9.35e-01 99
9.67e-01 100
1.00e-00 101